MFEM mesh v1.0

#
# MFEM Geometry Types (see mesh/geom.hpp):
#
# POINT       = 0
# SEGMENT     = 1
# TRIANGLE    = 2
# SQUARE      = 3
# TETRAHEDRON = 4
# CUBE        = 5
# PRISM       = 6
#

dimension
2

elements
81920
1 3 0 20801 62081 20804
1 3 20801 5281 20802 62081
1 3 62081 20802 15681 20803
1 3 20804 62081 20803 5284
1 3 5281 20805 62082 20802
1 3 20805 1361 20806 62082
1 3 62082 20806 5282 20807
1 3 20802 62082 20807 15681
1 3 15681 20807 62083 20810
1 3 20807 5282 20808 62083
1 3 62083 20808 4001 20809
1 3 20810 62083 20809 5283
1 3 5284 20803 62084 20812
1 3 20803 15681 20810 62084
1 3 62084 20810 5283 20811
1 3 20812 62084 20811 1364
1 3 1361 20813 62085 20806
1 3 20813 5285 20814 62085
1 3 62085 20814 15682 20815
1 3 20806 62085 20815 5282
1 3 5285 20816 62086 20814
1 3 20816 361 20817 62086
1 3 62086 20817 5286 20818
1 3 20814 62086 20818 15682
1 3 15682 20818 62087 20821
1 3 20818 5286 20819 62087
1 3 62087 20819 1362 20820
1 3 20821 62087 20820 5287
1 3 5282 20815 62088 20808
1 3 20815 15682 20821 62088
1 3 62088 20821 5287 20822
1 3 20808 62088 20822 4001
1 3 4001 20822 62089 20825
1 3 20822 5287 20823 62089
1 3 62089 20823 15683 20824
1 3 20825 62089 20824 5290
1 3 5287 20820 62090 20823
1 3 20820 1362 20826 62090
1 3 62090 20826 5288 20827
1 3 20823 62090 20827 15683
1 3 15683 20827 62091 20830
1 3 20827 5288 20828 62091
1 3 62091 20828 1041 20829
1 3 20830 62091 20829 5289
1 3 5290 20824 62092 20832
1 3 20824 15683 20830 62092
1 3 62092 20830 5289 20831
1 3 20832 62092 20831 1363
1 3 1364 20811 62093 20835
1 3 20811 5283 20833 62093
1 3 62093 20833 15684 20834
1 3 20835 62093 20834 5292
1 3 5283 20809 62094 20833
1 3 20809 4001 20825 62094
1 3 62094 20825 5290 20836
1 3 20833 62094 20836 15684
1 3 15684 20836 62095 20838
1 3 20836 5290 20832 62095
1 3 62095 20832 1363 20837
1 3 20838 62095 20837 5291
1 3 5292 20834 62096 20840
1 3 20834 15684 20838 62096
1 3 62096 20838 5291 20839
1 3 20840 62096 20839 364
1 3 361 20841 62097 20817
1 3 20841 5293 20842 62097
1 3 62097 20842 15685 20843
1 3 20817 62097 20843 5286
1 3 5293 20844 62098 20842
1 3 20844 1365 20845 62098
1 3 62098 20845 5294 20846
1 3 20842 62098 20846 15685
1 3 15685 20846 62099 20849
1 3 20846 5294 20847 62099
1 3 62099 20847 4002 20848
1 3 20849 62099 20848 5295
1 3 5286 20843 62100 20819
1 3 20843 15685 20849 62100
1 3 62100 20849 5295 20850
1 3 20819 62100 20850 1362
1 3 1365 20851 62101 20845
1 3 20851 5296 20852 62101
1 3 62101 20852 15686 20853
1 3 20845 62101 20853 5294
1 3 5296 20854 62102 20852
1 3 20854 101 20855 62102
1 3 62102 20855 5297 20856
1 3 20852 62102 20856 15686
1 3 15686 20856 62103 20859
1 3 20856 5297 20857 62103
1 3 62103 20857 1366 20858
1 3 20859 62103 20858 5298
1 3 5294 20853 62104 20847
1 3 20853 15686 20859 62104
1 3 62104 20859 5298 20860
1 3 20847 62104 20860 4002
1 3 4002 20860 62105 20863
1 3 20860 5298 20861 62105
1 3 62105 20861 15687 20862
1 3 20863 62105 20862 5301
1 3 5298 20858 62106 20861
1 3 20858 1366 20864 62106
1 3 62106 20864 5299 20865
1 3 20861 62106 20865 15687
1 3 15687 20865 62107 20868
1 3 20865 5299 20866 62107
1 3 62107 20866 362 20867
1 3 20868 62107 20867 5300
1 3 5301 20862 62108 20870
1 3 20862 15687 20868 62108
1 3 62108 20868 5300 20869
1 3 20870 62108 20869 1367
1 3 1362 20850 62109 20826
1 3 20850 5295 20871 62109
1 3 62109 20871 15688 20872
1 3 20826 62109 20872 5288
1 3 5295 20848 62110 20871
1 3 20848 4002 20863 62110
1 3 62110 20863 5301 20873
1 3 20871 62110 20873 15688
1 3 15688 20873 62111 20875
1 3 20873 5301 20870 62111
1 3 62111 20870 1367 20874
1 3 20875 62111 20874 5302
1 3 5288 20872 62112 20828
1 3 20872 15688 20875 62112
1 3 62112 20875 5302 20876
1 3 20828 62112 20876 1041
1 3 1041 20876 62113 20879
1 3 20876 5302 20877 62113
1 3 62113 20877 15689 20878
1 3 20879 62113 20878 5305
1 3 5302 20874 62114 20877
1 3 20874 1367 20880 62114
1 3 62114 20880 5303 20881
1 3 20877 62114 20881 15689
1 3 15689 20881 62115 20884
1 3 20881 5303 20882 62115
1 3 62115 20882 4003 20883
1 3 20884 62115 20883 5304
1 3 5305 20878 62116 20886
1 3 20878 15689 20884 62116
1 3 62116 20884 5304 20885
1 3 20886 62116 20885 1370
1 3 1367 20869 62117 20880
1 3 20869 5300 20887 62117
1 3 62117 20887 15690 20888
1 3 20880 62117 20888 5303
1 3 5300 20867 62118 20887
1 3 20867 362 20889 62118
1 3 62118 20889 5306 20890
1 3 20887 62118 20890 15690
1 3 15690 20890 62119 20893
1 3 20890 5306 20891 62119
1 3 62119 20891 1368 20892
1 3 20893 62119 20892 5307
1 3 5303 20888 62120 20882
1 3 20888 15690 20893 62120
1 3 62120 20893 5307 20894
1 3 20882 62120 20894 4003
1 3 4003 20894 62121 20897
1 3 20894 5307 20895 62121
1 3 62121 20895 15691 20896
1 3 20897 62121 20896 5310
1 3 5307 20892 62122 20895
1 3 20892 1368 20898 62122
1 3 62122 20898 5308 20899
1 3 20895 62122 20899 15691
1 3 15691 20899 62123 20902
1 3 20899 5308 20900 62123
1 3 62123 20900 281 20901
1 3 20902 62123 20901 5309
1 3 5310 20896 62124 20904
1 3 20896 15691 20902 62124
1 3 62124 20902 5309 20903
1 3 20904 62124 20903 1369
1 3 1370 20885 62125 20907
1 3 20885 5304 20905 62125
1 3 62125 20905 15692 20906
1 3 20907 62125 20906 5312
1 3 5304 20883 62126 20905
1 3 20883 4003 20897 62126
1 3 62126 20897 5310 20908
1 3 20905 62126 20908 15692
1 3 15692 20908 62127 20910
1 3 20908 5310 20904 62127
1 3 62127 20904 1369 20909
1 3 20910 62127 20909 5311
1 3 5312 20906 62128 20912
1 3 20906 15692 20910 62128
1 3 62128 20910 5311 20911
1 3 20912 62128 20911 363
1 3 364 20839 62129 20915
1 3 20839 5291 20913 62129
1 3 62129 20913 15693 20914
1 3 20915 62129 20914 5315
1 3 5291 20837 62130 20913
1 3 20837 1363 20916 62130
1 3 62130 20916 5313 20917
1 3 20913 62130 20917 15693
1 3 15693 20917 62131 20920
1 3 20917 5313 20918 62131
1 3 62131 20918 4004 20919
1 3 20920 62131 20919 5314
1 3 5315 20914 62132 20922
1 3 20914 15693 20920 62132
1 3 62132 20920 5314 20921
1 3 20922 62132 20921 1372
1 3 1363 20831 62133 20916
1 3 20831 5289 20923 62133
1 3 62133 20923 15694 20924
1 3 20916 62133 20924 5313
1 3 5289 20829 62134 20923
1 3 20829 1041 20879 62134
1 3 62134 20879 5305 20925
1 3 20923 62134 20925 15694
1 3 15694 20925 62135 20927
1 3 20925 5305 20886 62135
1 3 62135 20886 1370 20926
1 3 20927 62135 20926 5316
1 3 5313 20924 62136 20918
1 3 20924 15694 20927 62136
1 3 62136 20927 5316 20928
1 3 20918 62136 20928 4004
1 3 4004 20928 62137 20931
1 3 20928 5316 20929 62137
1 3 62137 20929 15695 20930
1 3 20931 62137 20930 5318
1 3 5316 20926 62138 20929
1 3 20926 1370 20907 62138
1 3 62138 20907 5312 20932
1 3 20929 62138 20932 15695
1 3 15695 20932 62139 20934
1 3 20932 5312 20912 62139
1 3 62139 20912 363 20933
1 3 20934 62139 20933 5317
1 3 5318 20930 62140 20936
1 3 20930 15695 20934 62140
1 3 62140 20934 5317 20935
1 3 20936 62140 20935 1371
1 3 1372 20921 62141 20939
1 3 20921 5314 20937 62141
1 3 62141 20937 15696 20938
1 3 20939 62141 20938 5320
1 3 5314 20919 62142 20937
1 3 20919 4004 20931 62142
1 3 62142 20931 5318 20940
1 3 20937 62142 20940 15696
1 3 15696 20940 62143 20942
1 3 20940 5318 20936 62143
1 3 62143 20936 1371 20941
1 3 20942 62143 20941 5319
1 3 5320 20938 62144 20944
1 3 20938 15696 20942 62144
1 3 62144 20942 5319 20943
1 3 20944 62144 20943 104
1 3 101 20945 62145 20855
1 3 20945 5321 20946 62145
1 3 62145 20946 15697 20947
1 3 20855 62145 20947 5297
1 3 5321 20948 62146 20946
1 3 20948 1373 20949 62146
1 3 62146 20949 5322 20950
1 3 20946 62146 20950 15697
1 3 15697 20950 62147 20953
1 3 20950 5322 20951 62147
1 3 62147 20951 4005 20952
1 3 20953 62147 20952 5323
1 3 5297 20947 62148 20857
1 3 20947 15697 20953 62148
1 3 62148 20953 5323 20954
1 3 20857 62148 20954 1366
1 3 1373 20955 62149 20949
1 3 20955 5324 20956 62149
1 3 62149 20956 15698 20957
1 3 20949 62149 20957 5322
1 3 5324 20958 62150 20956
1 3 20958 365 20959 62150
1 3 62150 20959 5325 20960
1 3 20956 62150 20960 15698
1 3 15698 20960 62151 20963
1 3 20960 5325 20961 62151
1 3 62151 20961 1374 20962
1 3 20963 62151 20962 5326
1 3 5322 20957 62152 20951
1 3 20957 15698 20963 62152
1 3 62152 20963 5326 20964
1 3 20951 62152 20964 4005
1 3 4005 20964 62153 20967
1 3 20964 5326 20965 62153
1 3 62153 20965 15699 20966
1 3 20967 62153 20966 5329
1 3 5326 20962 62154 20965
1 3 20962 1374 20968 62154
1 3 62154 20968 5327 20969
1 3 20965 62154 20969 15699
1 3 15699 20969 62155 20972
1 3 20969 5327 20970 62155
1 3 62155 20970 1042 20971
1 3 20972 62155 20971 5328
1 3 5329 20966 62156 20974
1 3 20966 15699 20972 62156
1 3 62156 20972 5328 20973
1 3 20974 62156 20973 1375
1 3 1366 20954 62157 20864
1 3 20954 5323 20975 62157
1 3 62157 20975 15700 20976
1 3 20864 62157 20976 5299
1 3 5323 20952 62158 20975
1 3 20952 4005 20967 62158
1 3 62158 20967 5329 20977
1 3 20975 62158 20977 15700
1 3 15700 20977 62159 20979
1 3 20977 5329 20974 62159
1 3 62159 20974 1375 20978
1 3 20979 62159 20978 5330
1 3 5299 20976 62160 20866
1 3 20976 15700 20979 62160
1 3 62160 20979 5330 20980
1 3 20866 62160 20980 362
1 3 365 20981 62161 20959
1 3 20981 5331 20982 62161
1 3 62161 20982 15701 20983
1 3 20959 62161 20983 5325
1 3 5331 20984 62162 20982
1 3 20984 1376 20985 62162
1 3 62162 20985 5332 20986
1 3 20982 62162 20986 15701
1 3 15701 20986 62163 20989
1 3 20986 5332 20987 62163
1 3 62163 20987 4006 20988
1 3 20989 62163 20988 5333
1 3 5325 20983 62164 20961
1 3 20983 15701 20989 62164
1 3 62164 20989 5333 20990
1 3 20961 62164 20990 1374
1 3 1376 20991 62165 20985
1 3 20991 5334 20992 62165
1 3 62165 20992 15702 20993
1 3 20985 62165 20993 5332
1 3 5334 20994 62166 20992
1 3 20994 31 20995 62166
1 3 62166 20995 5335 20996
1 3 20992 62166 20996 15702
1 3 15702 20996 62167 20999
1 3 20996 5335 20997 62167
1 3 62167 20997 1377 20998
1 3 20999 62167 20998 5336
1 3 5332 20993 62168 20987
1 3 20993 15702 20999 62168
1 3 62168 20999 5336 21000
1 3 20987 62168 21000 4006
1 3 4006 21000 62169 21003
1 3 21000 5336 21001 62169
1 3 62169 21001 15703 21002
1 3 21003 62169 21002 5339
1 3 5336 20998 62170 21001
1 3 20998 1377 21004 62170
1 3 62170 21004 5337 21005
1 3 21001 62170 21005 15703
1 3 15703 21005 62171 21008
1 3 21005 5337 21006 62171
1 3 62171 21006 366 21007
1 3 21008 62171 21007 5338
1 3 5339 21002 62172 21010
1 3 21002 15703 21008 62172
1 3 62172 21008 5338 21009
1 3 21010 62172 21009 1378
1 3 1374 20990 62173 20968
1 3 20990 5333 21011 62173
1 3 62173 21011 15704 21012
1 3 20968 62173 21012 5327
1 3 5333 20988 62174 21011
1 3 20988 4006 21003 62174
1 3 62174 21003 5339 21013
1 3 21011 62174 21013 15704
1 3 15704 21013 62175 21015
1 3 21013 5339 21010 62175
1 3 62175 21010 1378 21014
1 3 21015 62175 21014 5340
1 3 5327 21012 62176 20970
1 3 21012 15704 21015 62176
1 3 62176 21015 5340 21016
1 3 20970 62176 21016 1042
1 3 1042 21016 62177 21019
1 3 21016 5340 21017 62177
1 3 62177 21017 15705 21018
1 3 21019 62177 21018 5343
1 3 5340 21014 62178 21017
1 3 21014 1378 21020 62178
1 3 62178 21020 5341 21021
1 3 21017 62178 21021 15705
1 3 15705 21021 62179 21024
1 3 21021 5341 21022 62179
1 3 62179 21022 4007 21023
1 3 21024 62179 21023 5342
1 3 5343 21018 62180 21026
1 3 21018 15705 21024 62180
1 3 62180 21024 5342 21025
1 3 21026 62180 21025 1381
1 3 1378 21009 62181 21020
1 3 21009 5338 21027 62181
1 3 62181 21027 15706 21028
1 3 21020 62181 21028 5341
1 3 5338 21007 62182 21027
1 3 21007 366 21029 62182
1 3 62182 21029 5344 21030
1 3 21027 62182 21030 15706
1 3 15706 21030 62183 21033
1 3 21030 5344 21031 62183
1 3 62183 21031 1379 21032
1 3 21033 62183 21032 5345
1 3 5341 21028 62184 21022
1 3 21028 15706 21033 62184
1 3 62184 21033 5345 21034
1 3 21022 62184 21034 4007
1 3 4007 21034 62185 21037
1 3 21034 5345 21035 62185
1 3 62185 21035 15707 21036
1 3 21037 62185 21036 5348
1 3 5345 21032 62186 21035
1 3 21032 1379 21038 62186
1 3 62186 21038 5346 21039
1 3 21035 62186 21039 15707
1 3 15707 21039 62187 21042
1 3 21039 5346 21040 62187
1 3 62187 21040 102 21041
1 3 21042 62187 21041 5347
1 3 5348 21036 62188 21044
1 3 21036 15707 21042 62188
1 3 62188 21042 5347 21043
1 3 21044 62188 21043 1380
1 3 1381 21025 62189 21047
1 3 21025 5342 21045 62189
1 3 62189 21045 15708 21046
1 3 21047 62189 21046 5350
1 3 5342 21023 62190 21045
1 3 21023 4007 21037 62190
1 3 62190 21037 5348 21048
1 3 21045 62190 21048 15708
1 3 15708 21048 62191 21050
1 3 21048 5348 21044 62191
1 3 62191 21044 1380 21049
1 3 21050 62191 21049 5349
1 3 5350 21046 62192 21052
1 3 21046 15708 21050 62192
1 3 62192 21050 5349 21051
1 3 21052 62192 21051 367
1 3 362 20980 62193 20889
1 3 20980 5330 21053 62193
1 3 62193 21053 15709 21054
1 3 20889 62193 21054 5306
1 3 5330 20978 62194 21053
1 3 20978 1375 21055 62194
1 3 62194 21055 5351 21056
1 3 21053 62194 21056 15709
1 3 15709 21056 62195 21059
1 3 21056 5351 21057 62195
1 3 62195 21057 4008 21058
1 3 21059 62195 21058 5352
1 3 5306 21054 62196 20891
1 3 21054 15709 21059 62196
1 3 62196 21059 5352 21060
1 3 20891 62196 21060 1368
1 3 1375 20973 62197 21055
1 3 20973 5328 21061 62197
1 3 62197 21061 15710 21062
1 3 21055 62197 21062 5351
1 3 5328 20971 62198 21061
1 3 20971 1042 21019 62198
1 3 62198 21019 5343 21063
1 3 21061 62198 21063 15710
1 3 15710 21063 62199 21065
1 3 21063 5343 21026 62199
1 3 62199 21026 1381 21064
1 3 21065 62199 21064 5353
1 3 5351 21062 62200 21057
1 3 21062 15710 21065 62200
1 3 62200 21065 5353 21066
1 3 21057 62200 21066 4008
1 3 4008 21066 62201 21069
1 3 21066 5353 21067 62201
1 3 62201 21067 15711 21068
1 3 21069 62201 21068 5355
1 3 5353 21064 62202 21067
1 3 21064 1381 21047 62202
1 3 62202 21047 5350 21070
1 3 21067 62202 21070 15711
1 3 15711 21070 62203 21072
1 3 21070 5350 21052 62203
1 3 62203 21052 367 21071
1 3 21072 62203 21071 5354
1 3 5355 21068 62204 21074
1 3 21068 15711 21072 62204
1 3 62204 21072 5354 21073
1 3 21074 62204 21073 1382
1 3 1368 21060 62205 20898
1 3 21060 5352 21075 62205
1 3 62205 21075 15712 21076
1 3 20898 62205 21076 5308
1 3 5352 21058 62206 21075
1 3 21058 4008 21069 62206
1 3 62206 21069 5355 21077
1 3 21075 62206 21077 15712
1 3 15712 21077 62207 21079
1 3 21077 5355 21074 62207
1 3 62207 21074 1382 21078
1 3 21079 62207 21078 5356
1 3 5308 21076 62208 20900
1 3 21076 15712 21079 62208
1 3 62208 21079 5356 21080
1 3 20900 62208 21080 281
1 3 281 21080 62209 21083
1 3 21080 5356 21081 62209
1 3 62209 21081 15713 21082
1 3 21083 62209 21082 5359
1 3 5356 21078 62210 21081
1 3 21078 1382 21084 62210
1 3 62210 21084 5357 21085
1 3 21081 62210 21085 15713
1 3 15713 21085 62211 21088
1 3 21085 5357 21086 62211
1 3 62211 21086 4009 21087
1 3 21088 62211 21087 5358
1 3 5359 21082 62212 21090
1 3 21082 15713 21088 62212
1 3 62212 21088 5358 21089
1 3 21090 62212 21089 1385
1 3 1382 21073 62213 21084
1 3 21073 5354 21091 62213
1 3 62213 21091 15714 21092
1 3 21084 62213 21092 5357
1 3 5354 21071 62214 21091
1 3 21071 367 21093 62214
1 3 62214 21093 5360 21094
1 3 21091 62214 21094 15714
1 3 15714 21094 62215 21097
1 3 21094 5360 21095 62215
1 3 62215 21095 1383 21096
1 3 21097 62215 21096 5361
1 3 5357 21092 62216 21086
1 3 21092 15714 21097 62216
1 3 62216 21097 5361 21098
1 3 21086 62216 21098 4009
1 3 4009 21098 62217 21101
1 3 21098 5361 21099 62217
1 3 62217 21099 15715 21100
1 3 21101 62217 21100 5364
1 3 5361 21096 62218 21099
1 3 21096 1383 21102 62218
1 3 62218 21102 5362 21103
1 3 21099 62218 21103 15715
1 3 15715 21103 62219 21106
1 3 21103 5362 21104 62219
1 3 62219 21104 1043 21105
1 3 21106 62219 21105 5363
1 3 5364 21100 62220 21108
1 3 21100 15715 21106 62220
1 3 62220 21106 5363 21107
1 3 21108 62220 21107 1384
1 3 1385 21089 62221 21111
1 3 21089 5358 21109 62221
1 3 62221 21109 15716 21110
1 3 21111 62221 21110 5366
1 3 5358 21087 62222 21109
1 3 21087 4009 21101 62222
1 3 62222 21101 5364 21112
1 3 21109 62222 21112 15716
1 3 15716 21112 62223 21114
1 3 21112 5364 21108 62223
1 3 62223 21108 1384 21113
1 3 21114 62223 21113 5365
1 3 5366 21110 62224 21116
1 3 21110 15716 21114 62224
1 3 62224 21114 5365 21115
1 3 21116 62224 21115 370
1 3 367 21051 62225 21093
1 3 21051 5349 21117 62225
1 3 62225 21117 15717 21118
1 3 21093 62225 21118 5360
1 3 5349 21049 62226 21117
1 3 21049 1380 21119 62226
1 3 62226 21119 5367 21120
1 3 21117 62226 21120 15717
1 3 15717 21120 62227 21123
1 3 21120 5367 21121 62227
1 3 62227 21121 4010 21122
1 3 21123 62227 21122 5368
1 3 5360 21118 62228 21095
1 3 21118 15717 21123 62228
1 3 62228 21123 5368 21124
1 3 21095 62228 21124 1383
1 3 1380 21043 62229 21119
1 3 21043 5347 21125 62229
1 3 62229 21125 15718 21126
1 3 21119 62229 21126 5367
1 3 5347 21041 62230 21125
1 3 21041 102 21127 62230
1 3 62230 21127 5369 21128
1 3 21125 62230 21128 15718
1 3 15718 21128 62231 21131
1 3 21128 5369 21129 62231
1 3 62231 21129 1386 21130
1 3 21131 62231 21130 5370
1 3 5367 21126 62232 21121
1 3 21126 15718 21131 62232
1 3 62232 21131 5370 21132
1 3 21121 62232 21132 4010
1 3 4010 21132 62233 21135
1 3 21132 5370 21133 62233
1 3 62233 21133 15719 21134
1 3 21135 62233 21134 5373
1 3 5370 21130 62234 21133
1 3 21130 1386 21136 62234
1 3 62234 21136 5371 21137
1 3 21133 62234 21137 15719
1 3 15719 21137 62235 21140
1 3 21137 5371 21138 62235
1 3 62235 21138 368 21139
1 3 21140 62235 21139 5372
1 3 5373 21134 62236 21142
1 3 21134 15719 21140 62236
1 3 62236 21140 5372 21141
1 3 21142 62236 21141 1387
1 3 1383 21124 62237 21102
1 3 21124 5368 21143 62237
1 3 62237 21143 15720 21144
1 3 21102 62237 21144 5362
1 3 5368 21122 62238 21143
1 3 21122 4010 21135 62238
1 3 62238 21135 5373 21145
1 3 21143 62238 21145 15720
1 3 15720 21145 62239 21147
1 3 21145 5373 21142 62239
1 3 62239 21142 1387 21146
1 3 21147 62239 21146 5374
1 3 5362 21144 62240 21104
1 3 21144 15720 21147 62240
1 3 62240 21147 5374 21148
1 3 21104 62240 21148 1043
1 3 1043 21148 62241 21151
1 3 21148 5374 21149 62241
1 3 62241 21149 15721 21150
1 3 21151 62241 21150 5377
1 3 5374 21146 62242 21149
1 3 21146 1387 21152 62242
1 3 62242 21152 5375 21153
1 3 21149 62242 21153 15721
1 3 15721 21153 62243 21156
1 3 21153 5375 21154 62243
1 3 62243 21154 4011 21155
1 3 21156 62243 21155 5376
1 3 5377 21150 62244 21158
1 3 21150 15721 21156 62244
1 3 62244 21156 5376 21157
1 3 21158 62244 21157 1390
1 3 1387 21141 62245 21152
1 3 21141 5372 21159 62245
1 3 62245 21159 15722 21160
1 3 21152 62245 21160 5375
1 3 5372 21139 62246 21159
1 3 21139 368 21161 62246
1 3 62246 21161 5378 21162
1 3 21159 62246 21162 15722
1 3 15722 21162 62247 21165
1 3 21162 5378 21163 62247
1 3 62247 21163 1388 21164
1 3 21165 62247 21164 5379
1 3 5375 21160 62248 21154
1 3 21160 15722 21165 62248
1 3 62248 21165 5379 21166
1 3 21154 62248 21166 4011
1 3 4011 21166 62249 21169
1 3 21166 5379 21167 62249
1 3 62249 21167 15723 21168
1 3 21169 62249 21168 5382
1 3 5379 21164 62250 21167
1 3 21164 1388 21170 62250
1 3 62250 21170 5380 21171
1 3 21167 62250 21171 15723
1 3 15723 21171 62251 21174
1 3 21171 5380 21172 62251
1 3 62251 21172 81 21173
1 3 21174 62251 21173 5381
1 3 5382 21168 62252 21176
1 3 21168 15723 21174 62252
1 3 62252 21174 5381 21175
1 3 21176 62252 21175 1389
1 3 1390 21157 62253 21179
1 3 21157 5376 21177 62253
1 3 62253 21177 15724 21178
1 3 21179 62253 21178 5384
1 3 5376 21155 62254 21177
1 3 21155 4011 21169 62254
1 3 62254 21169 5382 21180
1 3 21177 62254 21180 15724
1 3 15724 21180 62255 21182
1 3 21180 5382 21176 62255
1 3 62255 21176 1389 21181
1 3 21182 62255 21181 5383
1 3 5384 21178 62256 21184
1 3 21178 15724 21182 62256
1 3 62256 21182 5383 21183
1 3 21184 62256 21183 369
1 3 370 21115 62257 21187
1 3 21115 5365 21185 62257
1 3 62257 21185 15725 21186
1 3 21187 62257 21186 5387
1 3 5365 21113 62258 21185
1 3 21113 1384 21188 62258
1 3 62258 21188 5385 21189
1 3 21185 62258 21189 15725
1 3 15725 21189 62259 21192
1 3 21189 5385 21190 62259
1 3 62259 21190 4012 21191
1 3 21192 62259 21191 5386
1 3 5387 21186 62260 21194
1 3 21186 15725 21192 62260
1 3 62260 21192 5386 21193
1 3 21194 62260 21193 1392
1 3 1384 21107 62261 21188
1 3 21107 5363 21195 62261
1 3 62261 21195 15726 21196
1 3 21188 62261 21196 5385
1 3 5363 21105 62262 21195
1 3 21105 1043 21151 62262
1 3 62262 21151 5377 21197
1 3 21195 62262 21197 15726
1 3 15726 21197 62263 21199
1 3 21197 5377 21158 62263
1 3 62263 21158 1390 21198
1 3 21199 62263 21198 5388
1 3 5385 21196 62264 21190
1 3 21196 15726 21199 62264
1 3 62264 21199 5388 21200
1 3 21190 62264 21200 4012
1 3 4012 21200 62265 21203
1 3 21200 5388 21201 62265
1 3 62265 21201 15727 21202
1 3 21203 62265 21202 5390
1 3 5388 21198 62266 21201
1 3 21198 1390 21179 62266
1 3 62266 21179 5384 21204
1 3 21201 62266 21204 15727
1 3 15727 21204 62267 21206
1 3 21204 5384 21184 62267
1 3 62267 21184 369 21205
1 3 21206 62267 21205 5389
1 3 5390 21202 62268 21208
1 3 21202 15727 21206 62268
1 3 62268 21206 5389 21207
1 3 21208 62268 21207 1391
1 3 1392 21193 62269 21211
1 3 21193 5386 21209 62269
1 3 62269 21209 15728 21210
1 3 21211 62269 21210 5392
1 3 5386 21191 62270 21209
1 3 21191 4012 21203 62270
1 3 62270 21203 5390 21212
1 3 21209 62270 21212 15728
1 3 15728 21212 62271 21214
1 3 21212 5390 21208 62271
1 3 62271 21208 1391 21213
1 3 21214 62271 21213 5391
1 3 5392 21210 62272 21216
1 3 21210 15728 21214 62272
1 3 62272 21214 5391 21215
1 3 21216 62272 21215 103
1 3 104 20943 62273 21219
1 3 20943 5319 21217 62273
1 3 62273 21217 15729 21218
1 3 21219 62273 21218 5395
1 3 5319 20941 62274 21217
1 3 20941 1371 21220 62274
1 3 62274 21220 5393 21221
1 3 21217 62274 21221 15729
1 3 15729 21221 62275 21224
1 3 21221 5393 21222 62275
1 3 62275 21222 4013 21223
1 3 21224 62275 21223 5394
1 3 5395 21218 62276 21226
1 3 21218 15729 21224 62276
1 3 62276 21224 5394 21225
1 3 21226 62276 21225 1395
1 3 1371 20935 62277 21220
1 3 20935 5317 21227 62277
1 3 62277 21227 15730 21228
1 3 21220 62277 21228 5393
1 3 5317 20933 62278 21227
1 3 20933 363 21229 62278
1 3 62278 21229 5396 21230
1 3 21227 62278 21230 15730
1 3 15730 21230 62279 21233
1 3 21230 5396 21231 62279
1 3 62279 21231 1393 21232
1 3 21233 62279 21232 5397
1 3 5393 21228 62280 21222
1 3 21228 15730 21233 62280
1 3 62280 21233 5397 21234
1 3 21222 62280 21234 4013
1 3 4013 21234 62281 21237
1 3 21234 5397 21235 62281
1 3 62281 21235 15731 21236
1 3 21237 62281 21236 5400
1 3 5397 21232 62282 21235
1 3 21232 1393 21238 62282
1 3 62282 21238 5398 21239
1 3 21235 62282 21239 15731
1 3 15731 21239 62283 21242
1 3 21239 5398 21240 62283
1 3 62283 21240 1044 21241
1 3 21242 62283 21241 5399
1 3 5400 21236 62284 21244
1 3 21236 15731 21242 62284
1 3 62284 21242 5399 21243
1 3 21244 62284 21243 1394
1 3 1395 21225 62285 21247
1 3 21225 5394 21245 62285
1 3 62285 21245 15732 21246
1 3 21247 62285 21246 5402
1 3 5394 21223 62286 21245
1 3 21223 4013 21237 62286
1 3 62286 21237 5400 21248
1 3 21245 62286 21248 15732
1 3 15732 21248 62287 21250
1 3 21248 5400 21244 62287
1 3 62287 21244 1394 21249
1 3 21250 62287 21249 5401
1 3 5402 21246 62288 21252
1 3 21246 15732 21250 62288
1 3 62288 21250 5401 21251
1 3 21252 62288 21251 372
1 3 363 20911 62289 21229
1 3 20911 5311 21253 62289
1 3 62289 21253 15733 21254
1 3 21229 62289 21254 5396
1 3 5311 20909 62290 21253
1 3 20909 1369 21255 62290
1 3 62290 21255 5403 21256
1 3 21253 62290 21256 15733
1 3 15733 21256 62291 21259
1 3 21256 5403 21257 62291
1 3 62291 21257 4014 21258
1 3 21259 62291 21258 5404
1 3 5396 21254 62292 21231
1 3 21254 15733 21259 62292
1 3 62292 21259 5404 21260
1 3 21231 62292 21260 1393
1 3 1369 20903 62293 21255
1 3 20903 5309 21261 62293
1 3 62293 21261 15734 21262
1 3 21255 62293 21262 5403
1 3 5309 20901 62294 21261
1 3 20901 281 21083 62294
1 3 62294 21083 5359 21263
1 3 21261 62294 21263 15734
1 3 15734 21263 62295 21265
1 3 21263 5359 21090 62295
1 3 62295 21090 1385 21264
1 3 21265 62295 21264 5405
1 3 5403 21262 62296 21257
1 3 21262 15734 21265 62296
1 3 62296 21265 5405 21266
1 3 21257 62296 21266 4014
1 3 4014 21266 62297 21269
1 3 21266 5405 21267 62297
1 3 62297 21267 15735 21268
1 3 21269 62297 21268 5407
1 3 5405 21264 62298 21267
1 3 21264 1385 21111 62298
1 3 62298 21111 5366 21270
1 3 21267 62298 21270 15735
1 3 15735 21270 62299 21272
1 3 21270 5366 21116 62299
1 3 62299 21116 370 21271
1 3 21272 62299 21271 5406
1 3 5407 21268 62300 21274
1 3 21268 15735 21272 62300
1 3 62300 21272 5406 21273
1 3 21274 62300 21273 1396
1 3 1393 21260 62301 21238
1 3 21260 5404 21275 62301
1 3 62301 21275 15736 21276
1 3 21238 62301 21276 5398
1 3 5404 21258 62302 21275
1 3 21258 4014 21269 62302
1 3 62302 21269 5407 21277
1 3 21275 62302 21277 15736
1 3 15736 21277 62303 21279
1 3 21277 5407 21274 62303
1 3 62303 21274 1396 21278
1 3 21279 62303 21278 5408
1 3 5398 21276 62304 21240
1 3 21276 15736 21279 62304
1 3 62304 21279 5408 21280
1 3 21240 62304 21280 1044
1 3 1044 21280 62305 21283
1 3 21280 5408 21281 62305
1 3 62305 21281 15737 21282
1 3 21283 62305 21282 5411
1 3 5408 21278 62306 21281
1 3 21278 1396 21284 62306
1 3 62306 21284 5409 21285
1 3 21281 62306 21285 15737
1 3 15737 21285 62307 21288
1 3 21285 5409 21286 62307
1 3 62307 21286 4015 21287
1 3 21288 62307 21287 5410
1 3 5411 21282 62308 21290
1 3 21282 15737 21288 62308
1 3 62308 21288 5410 21289
1 3 21290 62308 21289 1398
1 3 1396 21273 62309 21284
1 3 21273 5406 21291 62309
1 3 62309 21291 15738 21292
1 3 21284 62309 21292 5409
1 3 5406 21271 62310 21291
1 3 21271 370 21187 62310
1 3 62310 21187 5387 21293
1 3 21291 62310 21293 15738
1 3 15738 21293 62311 21295
1 3 21293 5387 21194 62311
1 3 62311 21194 1392 21294
1 3 21295 62311 21294 5412
1 3 5409 21292 62312 21286
1 3 21292 15738 21295 62312
1 3 62312 21295 5412 21296
1 3 21286 62312 21296 4015
1 3 4015 21296 62313 21299
1 3 21296 5412 21297 62313
1 3 62313 21297 15739 21298
1 3 21299 62313 21298 5414
1 3 5412 21294 62314 21297
1 3 21294 1392 21211 62314
1 3 62314 21211 5392 21300
1 3 21297 62314 21300 15739
1 3 15739 21300 62315 21302
1 3 21300 5392 21216 62315
1 3 62315 21216 103 21301
1 3 21302 62315 21301 5413
1 3 5414 21298 62316 21304
1 3 21298 15739 21302 62316
1 3 62316 21302 5413 21303
1 3 21304 62316 21303 1397
1 3 1398 21289 62317 21307
1 3 21289 5410 21305 62317
1 3 62317 21305 15740 21306
1 3 21307 62317 21306 5416
1 3 5410 21287 62318 21305
1 3 21287 4015 21299 62318
1 3 62318 21299 5414 21308
1 3 21305 62318 21308 15740
1 3 15740 21308 62319 21310
1 3 21308 5414 21304 62319
1 3 62319 21304 1397 21309
1 3 21310 62319 21309 5415
1 3 5416 21306 62320 21312
1 3 21306 15740 21310 62320
1 3 62320 21310 5415 21311
1 3 21312 62320 21311 371
1 3 372 21251 62321 21315
1 3 21251 5401 21313 62321
1 3 62321 21313 15741 21314
1 3 21315 62321 21314 5419
1 3 5401 21249 62322 21313
1 3 21249 1394 21316 62322
1 3 62322 21316 5417 21317
1 3 21313 62322 21317 15741
1 3 15741 21317 62323 21320
1 3 21317 5417 21318 62323
1 3 62323 21318 4016 21319
1 3 21320 62323 21319 5418
1 3 5419 21314 62324 21322
1 3 21314 15741 21320 62324
1 3 62324 21320 5418 21321
1 3 21322 62324 21321 1400
1 3 1394 21243 62325 21316
1 3 21243 5399 21323 62325
1 3 62325 21323 15742 21324
1 3 21316 62325 21324 5417
1 3 5399 21241 62326 21323
1 3 21241 1044 21283 62326
1 3 62326 21283 5411 21325
1 3 21323 62326 21325 15742
1 3 15742 21325 62327 21327
1 3 21325 5411 21290 62327
1 3 62327 21290 1398 21326
1 3 21327 62327 21326 5420
1 3 5417 21324 62328 21318
1 3 21324 15742 21327 62328
1 3 62328 21327 5420 21328
1 3 21318 62328 21328 4016
1 3 4016 21328 62329 21331
1 3 21328 5420 21329 62329
1 3 62329 21329 15743 21330
1 3 21331 62329 21330 5422
1 3 5420 21326 62330 21329
1 3 21326 1398 21307 62330
1 3 62330 21307 5416 21332
1 3 21329 62330 21332 15743
1 3 15743 21332 62331 21334
1 3 21332 5416 21312 62331
1 3 62331 21312 371 21333
1 3 21334 62331 21333 5421
1 3 5422 21330 62332 21336
1 3 21330 15743 21334 62332
1 3 62332 21334 5421 21335
1 3 21336 62332 21335 1399
1 3 1400 21321 62333 21339
1 3 21321 5418 21337 62333
1 3 62333 21337 15744 21338
1 3 21339 62333 21338 5424
1 3 5418 21319 62334 21337
1 3 21319 4016 21331 62334
1 3 62334 21331 5422 21340
1 3 21337 62334 21340 15744
1 3 15744 21340 62335 21342
1 3 21340 5422 21336 62335
1 3 62335 21336 1399 21341
1 3 21342 62335 21341 5423
1 3 5424 21338 62336 21344
1 3 21338 15744 21342 62336
1 3 62336 21342 5423 21343
1 3 21344 62336 21343 34
1 3 31 21345 62337 20995
1 3 21345 5425 21346 62337
1 3 62337 21346 15745 21347
1 3 20995 62337 21347 5335
1 3 5425 21348 62338 21346
1 3 21348 1401 21349 62338
1 3 62338 21349 5426 21350
1 3 21346 62338 21350 15745
1 3 15745 21350 62339 21353
1 3 21350 5426 21351 62339
1 3 62339 21351 4017 21352
1 3 21353 62339 21352 5427
1 3 5335 21347 62340 20997
1 3 21347 15745 21353 62340
1 3 62340 21353 5427 21354
1 3 20997 62340 21354 1377
1 3 1401 21355 62341 21349
1 3 21355 5428 21356 62341
1 3 62341 21356 15746 21357
1 3 21349 62341 21357 5426
1 3 5428 21358 62342 21356
1 3 21358 373 21359 62342
1 3 62342 21359 5429 21360
1 3 21356 62342 21360 15746
1 3 15746 21360 62343 21363
1 3 21360 5429 21361 62343
1 3 62343 21361 1402 21362
1 3 21363 62343 21362 5430
1 3 5426 21357 62344 21351
1 3 21357 15746 21363 62344
1 3 62344 21363 5430 21364
1 3 21351 62344 21364 4017
1 3 4017 21364 62345 21367
1 3 21364 5430 21365 62345
1 3 62345 21365 15747 21366
1 3 21367 62345 21366 5433
1 3 5430 21362 62346 21365
1 3 21362 1402 21368 62346
1 3 62346 21368 5431 21369
1 3 21365 62346 21369 15747
1 3 15747 21369 62347 21372
1 3 21369 5431 21370 62347
1 3 62347 21370 1045 21371
1 3 21372 62347 21371 5432
1 3 5433 21366 62348 21374
1 3 21366 15747 21372 62348
1 3 62348 21372 5432 21373
1 3 21374 62348 21373 1403
1 3 1377 21354 62349 21004
1 3 21354 5427 21375 62349
1 3 62349 21375 15748 21376
1 3 21004 62349 21376 5337
1 3 5427 21352 62350 21375
1 3 21352 4017 21367 62350
1 3 62350 21367 5433 21377
1 3 21375 62350 21377 15748
1 3 15748 21377 62351 21379
1 3 21377 5433 21374 62351
1 3 62351 21374 1403 21378
1 3 21379 62351 21378 5434
1 3 5337 21376 62352 21006
1 3 21376 15748 21379 62352
1 3 62352 21379 5434 21380
1 3 21006 62352 21380 366
1 3 373 21381 62353 21359
1 3 21381 5435 21382 62353
1 3 62353 21382 15749 21383
1 3 21359 62353 21383 5429
1 3 5435 21384 62354 21382
1 3 21384 1404 21385 62354
1 3 62354 21385 5436 21386
1 3 21382 62354 21386 15749
1 3 15749 21386 62355 21389
1 3 21386 5436 21387 62355
1 3 62355 21387 4018 21388
1 3 21389 62355 21388 5437
1 3 5429 21383 62356 21361
1 3 21383 15749 21389 62356
1 3 62356 21389 5437 21390
1 3 21361 62356 21390 1402
1 3 1404 21391 62357 21385
1 3 21391 5438 21392 62357
1 3 62357 21392 15750 21393
1 3 21385 62357 21393 5436
1 3 5438 21394 62358 21392
1 3 21394 105 21395 62358
1 3 62358 21395 5439 21396
1 3 21392 62358 21396 15750
1 3 15750 21396 62359 21399
1 3 21396 5439 21397 62359
1 3 62359 21397 1405 21398
1 3 21399 62359 21398 5440
1 3 5436 21393 62360 21387
1 3 21393 15750 21399 62360
1 3 62360 21399 5440 21400
1 3 21387 62360 21400 4018
1 3 4018 21400 62361 21403
1 3 21400 5440 21401 62361
1 3 62361 21401 15751 21402
1 3 21403 62361 21402 5443
1 3 5440 21398 62362 21401
1 3 21398 1405 21404 62362
1 3 62362 21404 5441 21405
1 3 21401 62362 21405 15751
1 3 15751 21405 62363 21408
1 3 21405 5441 21406 62363
1 3 62363 21406 374 21407
1 3 21408 62363 21407 5442
1 3 5443 21402 62364 21410
1 3 21402 15751 21408 62364
1 3 62364 21408 5442 21409
1 3 21410 62364 21409 1406
1 3 1402 21390 62365 21368
1 3 21390 5437 21411 62365
1 3 62365 21411 15752 21412
1 3 21368 62365 21412 5431
1 3 5437 21388 62366 21411
1 3 21388 4018 21403 62366
1 3 62366 21403 5443 21413
1 3 21411 62366 21413 15752
1 3 15752 21413 62367 21415
1 3 21413 5443 21410 62367
1 3 62367 21410 1406 21414
1 3 21415 62367 21414 5444
1 3 5431 21412 62368 21370
1 3 21412 15752 21415 62368
1 3 62368 21415 5444 21416
1 3 21370 62368 21416 1045
1 3 1045 21416 62369 21419
1 3 21416 5444 21417 62369
1 3 62369 21417 15753 21418
1 3 21419 62369 21418 5447
1 3 5444 21414 62370 21417
1 3 21414 1406 21420 62370
1 3 62370 21420 5445 21421
1 3 21417 62370 21421 15753
1 3 15753 21421 62371 21424
1 3 21421 5445 21422 62371
1 3 62371 21422 4019 21423
1 3 21424 62371 21423 5446
1 3 5447 21418 62372 21426
1 3 21418 15753 21424 62372
1 3 62372 21424 5446 21425
1 3 21426 62372 21425 1409
1 3 1406 21409 62373 21420
1 3 21409 5442 21427 62373
1 3 62373 21427 15754 21428
1 3 21420 62373 21428 5445
1 3 5442 21407 62374 21427
1 3 21407 374 21429 62374
1 3 62374 21429 5448 21430
1 3 21427 62374 21430 15754
1 3 15754 21430 62375 21433
1 3 21430 5448 21431 62375
1 3 62375 21431 1407 21432
1 3 21433 62375 21432 5449
1 3 5445 21428 62376 21422
1 3 21428 15754 21433 62376
1 3 62376 21433 5449 21434
1 3 21422 62376 21434 4019
1 3 4019 21434 62377 21437
1 3 21434 5449 21435 62377
1 3 62377 21435 15755 21436
1 3 21437 62377 21436 5452
1 3 5449 21432 62378 21435
1 3 21432 1407 21438 62378
1 3 62378 21438 5450 21439
1 3 21435 62378 21439 15755
1 3 15755 21439 62379 21442
1 3 21439 5450 21440 62379
1 3 62379 21440 282 21441
1 3 21442 62379 21441 5451
1 3 5452 21436 62380 21444
1 3 21436 15755 21442 62380
1 3 62380 21442 5451 21443
1 3 21444 62380 21443 1408
1 3 1409 21425 62381 21447
1 3 21425 5446 21445 62381
1 3 62381 21445 15756 21446
1 3 21447 62381 21446 5454
1 3 5446 21423 62382 21445
1 3 21423 4019 21437 62382
1 3 62382 21437 5452 21448
1 3 21445 62382 21448 15756
1 3 15756 21448 62383 21450
1 3 21448 5452 21444 62383
1 3 62383 21444 1408 21449
1 3 21450 62383 21449 5453
1 3 5454 21446 62384 21452
1 3 21446 15756 21450 62384
1 3 62384 21450 5453 21451
1 3 21452 62384 21451 375
1 3 366 21380 62385 21029
1 3 21380 5434 21453 62385
1 3 62385 21453 15757 21454
1 3 21029 62385 21454 5344
1 3 5434 21378 62386 21453
1 3 21378 1403 21455 62386
1 3 62386 21455 5455 21456
1 3 21453 62386 21456 15757
1 3 15757 21456 62387 21459
1 3 21456 5455 21457 62387
1 3 62387 21457 4020 21458
1 3 21459 62387 21458 5456
1 3 5344 21454 62388 21031
1 3 21454 15757 21459 62388
1 3 62388 21459 5456 21460
1 3 21031 62388 21460 1379
1 3 1403 21373 62389 21455
1 3 21373 5432 21461 62389
1 3 62389 21461 15758 21462
1 3 21455 62389 21462 5455
1 3 5432 21371 62390 21461
1 3 21371 1045 21419 62390
1 3 62390 21419 5447 21463
1 3 21461 62390 21463 15758
1 3 15758 21463 62391 21465
1 3 21463 5447 21426 62391
1 3 62391 21426 1409 21464
1 3 21465 62391 21464 5457
1 3 5455 21462 62392 21457
1 3 21462 15758 21465 62392
1 3 62392 21465 5457 21466
1 3 21457 62392 21466 4020
1 3 4020 21466 62393 21469
1 3 21466 5457 21467 62393
1 3 62393 21467 15759 21468
1 3 21469 62393 21468 5459
1 3 5457 21464 62394 21467
1 3 21464 1409 21447 62394
1 3 62394 21447 5454 21470
1 3 21467 62394 21470 15759
1 3 15759 21470 62395 21472
1 3 21470 5454 21452 62395
1 3 62395 21452 375 21471
1 3 21472 62395 21471 5458
1 3 5459 21468 62396 21474
1 3 21468 15759 21472 62396
1 3 62396 21472 5458 21473
1 3 21474 62396 21473 1410
1 3 1379 21460 62397 21038
1 3 21460 5456 21475 62397
1 3 62397 21475 15760 21476
1 3 21038 62397 21476 5346
1 3 5456 21458 62398 21475
1 3 21458 4020 21469 62398
1 3 62398 21469 5459 21477
1 3 21475 62398 21477 15760
1 3 15760 21477 62399 21479
1 3 21477 5459 21474 62399
1 3 62399 21474 1410 21478
1 3 21479 62399 21478 5460
1 3 5346 21476 62400 21040
1 3 21476 15760 21479 62400
1 3 62400 21479 5460 21480
1 3 21040 62400 21480 102
1 3 105 21481 62401 21395
1 3 21481 5461 21482 62401
1 3 62401 21482 15761 21483
1 3 21395 62401 21483 5439
1 3 5461 21484 62402 21482
1 3 21484 1411 21485 62402
1 3 62402 21485 5462 21486
1 3 21482 62402 21486 15761
1 3 15761 21486 62403 21489
1 3 21486 5462 21487 62403
1 3 62403 21487 4021 21488
1 3 21489 62403 21488 5463
1 3 5439 21483 62404 21397
1 3 21483 15761 21489 62404
1 3 62404 21489 5463 21490
1 3 21397 62404 21490 1405
1 3 1411 21491 62405 21485
1 3 21491 5464 21492 62405
1 3 62405 21492 15762 21493
1 3 21485 62405 21493 5462
1 3 5464 21494 62406 21492
1 3 21494 376 21495 62406
1 3 62406 21495 5465 21496
1 3 21492 62406 21496 15762
1 3 15762 21496 62407 21499
1 3 21496 5465 21497 62407
1 3 62407 21497 1412 21498
1 3 21499 62407 21498 5466
1 3 5462 21493 62408 21487
1 3 21493 15762 21499 62408
1 3 62408 21499 5466 21500
1 3 21487 62408 21500 4021
1 3 4021 21500 62409 21503
1 3 21500 5466 21501 62409
1 3 62409 21501 15763 21502
1 3 21503 62409 21502 5469
1 3 5466 21498 62410 21501
1 3 21498 1412 21504 62410
1 3 62410 21504 5467 21505
1 3 21501 62410 21505 15763
1 3 15763 21505 62411 21508
1 3 21505 5467 21506 62411
1 3 62411 21506 1046 21507
1 3 21508 62411 21507 5468
1 3 5469 21502 62412 21510
1 3 21502 15763 21508 62412
1 3 62412 21508 5468 21509
1 3 21510 62412 21509 1413
1 3 1405 21490 62413 21404
1 3 21490 5463 21511 62413
1 3 62413 21511 15764 21512
1 3 21404 62413 21512 5441
1 3 5463 21488 62414 21511
1 3 21488 4021 21503 62414
1 3 62414 21503 5469 21513
1 3 21511 62414 21513 15764
1 3 15764 21513 62415 21515
1 3 21513 5469 21510 62415
1 3 62415 21510 1413 21514
1 3 21515 62415 21514 5470
1 3 5441 21512 62416 21406
1 3 21512 15764 21515 62416
1 3 62416 21515 5470 21516
1 3 21406 62416 21516 374
1 3 376 21517 62417 21495
1 3 21517 5471 21518 62417
1 3 62417 21518 15765 21519
1 3 21495 62417 21519 5465
1 3 5471 21520 62418 21518
1 3 21520 1414 21521 62418
1 3 62418 21521 5472 21522
1 3 21518 62418 21522 15765
1 3 15765 21522 62419 21525
1 3 21522 5472 21523 62419
1 3 62419 21523 4022 21524
1 3 21525 62419 21524 5473
1 3 5465 21519 62420 21497
1 3 21519 15765 21525 62420
1 3 62420 21525 5473 21526
1 3 21497 62420 21526 1412
1 3 1414 21527 62421 21521
1 3 21527 5474 21528 62421
1 3 62421 21528 15766 21529
1 3 21521 62421 21529 5472
1 3 5474 21530 62422 21528
1 3 21530 11 21531 62422
1 3 62422 21531 5475 21532
1 3 21528 62422 21532 15766
1 3 15766 21532 62423 21535
1 3 21532 5475 21533 62423
1 3 62423 21533 1415 21534
1 3 21535 62423 21534 5476
1 3 5472 21529 62424 21523
1 3 21529 15766 21535 62424
1 3 62424 21535 5476 21536
1 3 21523 62424 21536 4022
1 3 4022 21536 62425 21539
1 3 21536 5476 21537 62425
1 3 62425 21537 15767 21538
1 3 21539 62425 21538 5479
1 3 5476 21534 62426 21537
1 3 21534 1415 21540 62426
1 3 62426 21540 5477 21541
1 3 21537 62426 21541 15767
1 3 15767 21541 62427 21544
1 3 21541 5477 21542 62427
1 3 62427 21542 377 21543
1 3 21544 62427 21543 5478
1 3 5479 21538 62428 21546
1 3 21538 15767 21544 62428
1 3 62428 21544 5478 21545
1 3 21546 62428 21545 1416
1 3 1412 21526 62429 21504
1 3 21526 5473 21547 62429
1 3 62429 21547 15768 21548
1 3 21504 62429 21548 5467
1 3 5473 21524 62430 21547
1 3 21524 4022 21539 62430
1 3 62430 21539 5479 21549
1 3 21547 62430 21549 15768
1 3 15768 21549 62431 21551
1 3 21549 5479 21546 62431
1 3 62431 21546 1416 21550
1 3 21551 62431 21550 5480
1 3 5467 21548 62432 21506
1 3 21548 15768 21551 62432
1 3 62432 21551 5480 21552
1 3 21506 62432 21552 1046
1 3 1046 21552 62433 21555
1 3 21552 5480 21553 62433
1 3 62433 21553 15769 21554
1 3 21555 62433 21554 5483
1 3 5480 21550 62434 21553
1 3 21550 1416 21556 62434
1 3 62434 21556 5481 21557
1 3 21553 62434 21557 15769
1 3 15769 21557 62435 21560
1 3 21557 5481 21558 62435
1 3 62435 21558 4023 21559
1 3 21560 62435 21559 5482
1 3 5483 21554 62436 21562
1 3 21554 15769 21560 62436
1 3 62436 21560 5482 21561
1 3 21562 62436 21561 1419
1 3 1416 21545 62437 21556
1 3 21545 5478 21563 62437
1 3 62437 21563 15770 21564
1 3 21556 62437 21564 5481
1 3 5478 21543 62438 21563
1 3 21543 377 21565 62438
1 3 62438 21565 5484 21566
1 3 21563 62438 21566 15770
1 3 15770 21566 62439 21569
1 3 21566 5484 21567 62439
1 3 62439 21567 1417 21568
1 3 21569 62439 21568 5485
1 3 5481 21564 62440 21558
1 3 21564 15770 21569 62440
1 3 62440 21569 5485 21570
1 3 21558 62440 21570 4023
1 3 4023 21570 62441 21573
1 3 21570 5485 21571 62441
1 3 62441 21571 15771 21572
1 3 21573 62441 21572 5488
1 3 5485 21568 62442 21571
1 3 21568 1417 21574 62442
1 3 62442 21574 5486 21575
1 3 21571 62442 21575 15771
1 3 15771 21575 62443 21578
1 3 21575 5486 21576 62443
1 3 62443 21576 106 21577
1 3 21578 62443 21577 5487
1 3 5488 21572 62444 21580
1 3 21572 15771 21578 62444
1 3 62444 21578 5487 21579
1 3 21580 62444 21579 1418
1 3 1419 21561 62445 21583
1 3 21561 5482 21581 62445
1 3 62445 21581 15772 21582
1 3 21583 62445 21582 5490
1 3 5482 21559 62446 21581
1 3 21559 4023 21573 62446
